-1.858130017847791748e+00
-1.151367308021219671e+00
-8.331610585773677538e-03
-7.868716831248517493e-03
2.215509189833710785e-02
6.239357208012449169e-02
6.284364917106925741e-04
2.366536961050972124e-03
3.951999999999999957e-02
-9.589999999999999566e-03
1.522441312140316583e-01
1.308326758167854516e-04
3.520792970901024093e-03
4.133076332034628375e-03
-5.042240894237563255e-03
3.575289551096043957e-03
-9.064129893859428078e-03
-6.087616591645741634e-03
1.841817868998686745e-03
-2.681732995812841948e-03
3.237771662398165363e-03
-5.648313881690663479e-03
